#PATH-POINTS-START Path
139.799,-19.283,120,0
138.232,-20.525,120
136.664,-21.766,120
135.096,-23.008,120
133.528,-24.25,120
131.961,-25.492,120
130.393,-26.734,120
128.825,-27.976,120
127.257,-29.218,120
125.69,-30.459,120
124.122,-31.701,120
122.554,-32.943,120
120.986,-34.185,120
119.419,-35.427,120
117.851,-36.669,120
116.283,-37.911,120
114.716,-39.152,120
113.148,-40.394,120
111.58,-41.636,120
110.012,-42.878,120
108.445,-44.12,120
106.877,-45.362,120
105.309,-46.604,120
103.741,-47.845,120
102.174,-49.087,120
100.606,-50.329,120
99.038,-51.571,120
97.47,-52.813,120
95.903,-54.055,120
94.335,-55.297,120
92.767,-56.538,120
91.2,-57.78,120
89.632,-59.022,120
88.064,-60.264,120
86.496,-61.506,120
84.929,-62.748,120
83.361,-63.99,120
81.793,-65.231,120
80.225,-66.473,120
78.658,-67.715,120
77.09,-68.957,120
75.522,-70.199,120
73.954,-71.441,120
72.387,-72.683,120
70.819,-73.924,120
69.251,-75.166,120
67.684,-76.408,120
66.116,-77.65,120
64.548,-78.892,120
62.98,-80.134,120
61.413,-81.376,120
59.845,-82.617,120
58.277,-83.859,120
56.709,-85.101,120
55.142,-86.343,120
53.574,-87.585,120
52.006,-88.827,120
50.438,-90.069,120
48.871,-91.31,120
47.303,-92.552,120
45.735,-93.794,120
44.167,-95.036,120
42.6,-96.278,120
41.032,-97.52,120
39.464,-98.762,120
37.897,-100.003,120
36.329,-101.245,120
34.761,-102.487,120
33.193,-103.729,120
31.626,-104.971,120
30.058,-106.213,120
28.49,-107.455,120
26.922,-108.696,120
25.355,-109.938,120
23.787,-111.18,120
22.219,-112.422,120
20.651,-113.664,120
19.084,-114.906,120
17.516,-116.148,120
15.948,-117.389,120
14.381,-118.631,120
12.813,-119.873,120
11.245,-121.115,120
9.87,-122.156,120,0
11.047,-120.539,120
12.225,-118.923,120
13.402,-117.306,120
14.58,-115.689,120
15.757,-114.073,120
16.934,-112.456,120
18.112,-110.839,120
19.289,-109.222,120
20.467,-107.606,120
21.644,-105.989,120
22.821,-104.372,120
23.999,-102.756,120
25.176,-101.139,120
26.354,-99.522,120
27.531,-97.905,120
28.708,-96.289,120
29.886,-94.672,120
31.063,-93.055,120
32.24,-91.439,120
33.418,-89.822,120
34.595,-88.205,120
35.773,-86.588,120
36.95,-84.972,120
38.127,-83.355,120
39.305,-81.738,120
40.482,-80.122,120
41.66,-78.505,120
42.837,-76.888,120
44.014,-75.271,120
45.192,-73.655,120
46.369,-72.038,120
47.546,-70.421,120
48.724,-68.805,120
49.901,-67.188,120
51.079,-65.571,120
52.256,-63.954,120
53.433,-62.338,120
54.611,-60.721,120
55.788,-59.104,120
56.966,-57.488,120
58.143,-55.871,120
57.962,-54.407,120,0
56.455,-53.092,120
54.947,-51.778,120
53.44,-50.463,120
51.933,-49.148,120
50.426,-47.833,120
48.919,-46.519,120
47.412,-45.204,120
45.905,-43.889,120
44.397,-42.574,120
42.89,-41.26,120
41.383,-39.945,120
39.876,-38.63,120
38.369,-37.315,120
36.862,-36.001,120
35.355,-34.686,120
33.847,-33.371,120
32.34,-32.056,120
30.833,-30.742,120
29.326,-29.427,120
27.819,-28.112,120
26.312,-26.798,120
24.805,-25.483,120
25.434,-26.148,120,0
26.858,-27.552,120
28.283,-28.956,120
29.708,-30.359,120
31.133,-31.763,120
32.558,-33.166,120
33.982,-34.57,120
35.407,-35.973,120
36.832,-37.377,120
38.257,-38.78,120
39.682,-40.184,120
41.106,-41.587,120
42.531,-42.991,120
43.956,-44.394,120
45.381,-45.798,120
46.806,-47.202,120
48.23,-48.605,120
49.655,-50.009,120
51.08,-51.412,120
52.505,-52.816,120
53.93,-54.219,120
55.354,-55.623,120
56.779,-57.026,120
58.204,-58.43,120
59.629,-59.833,120
61.054,-61.237,120
62.478,-62.64,120
63.903,-64.044,120
65.328,-65.448,120
66.753,-66.851,120
68.178,-68.255,120
69.603,-69.658,120
71.027,-71.062,120
72.452,-72.465,120
73.877,-73.869,120
75.302,-75.272,120
76.727,-76.676,120
78.151,-78.079,120
79.576,-79.483,120
81.001,-80.887,120
82.426,-82.29,120
83.851,-83.694,120
85.275,-85.097,120
86.7,-86.501,120
88.125,-87.904,120
89.55,-89.308,120
90.975,-90.711,120
92.399,-92.115,120
93.824,-93.518,120
95.249,-94.922,120
96.674,-96.325,120
98.099,-97.729,120
99.523,-99.133,120
100.948,-100.536,120
102.373,-101.94,120
103.798,-103.343,120
105.223,-104.747,120
106.647,-106.15,120
108.072,-107.554,120
109.497,-108.957,120
110.922,-110.361,120
112.347,-111.764,120
113.772,-113.168,120
115.196,-114.571,120
116.621,-115.975,120
118.046,-117.379,120
119.471,-118.782,120
120.896,-120.186,120
122.198,-121.538,120,0
120.198,-121.515,120
118.199,-121.491,120
116.199,-121.467,120
114.199,-121.443,120
112.199,-121.419,120
110.199,-121.395,120
108.199,-121.372,120
106.199,-121.348,120
104.2,-121.324,120
102.2,-121.3,120
100.2,-121.276,120
98.2,-121.253,120
96.2,-121.229,120
94.2,-121.205,120
92.2,-121.181,120
90.201,-121.157,120
88.201,-121.134,120
86.201,-121.11,120
84.201,-121.086,120
82.201,-121.062,120
80.201,-121.038,120
78.201,-121.015,120
76.202,-120.991,120
74.202,-120.967,120
72.202,-120.943,120
70.202,-120.919,120
68.202,-120.896,120
66.202,-120.872,120
64.202,-120.848,120
62.203,-120.824,120
61.629,-120.804,120,0
63.629,-120.79,120
65.629,-120.777,120
67.629,-120.763,120
69.628,-120.75,120
71.628,-120.736,120
73.628,-120.723,120
75.628,-120.709,120
77.628,-120.696,120
79.628,-120.682,120
81.628,-120.669,120
83.628,-120.655,120
85.628,-120.642,120
87.628,-120.628,120
89.628,-120.615,120
91.628,-120.601,120
93.628,-120.588,120
95.628,-120.574,120
97.628,-120.561,120
99.628,-120.547,120
101.628,-120.534,120
103.628,-120.52,120
105.628,-120.507,120
107.628,-120.493,120
109.628,-120.48,120
111.628,-120.466,120
113.627,-120.453,120
115.627,-120.439,120
117.627,-120.426,120
119.627,-120.412,120
121.627,-120.399,120
123.627,-120.385,120
125.627,-120.372,120
127.627,-120.358,120
129.627,-120.345,120
131.627,-120.331,120
133.627,-120.317,120
135.627,-120.304,120
137.627,-120.29,120
139.627,-120.277,120
141.627,-120.263,120
143.627,-120.25,120
145.627,-120.236,120
147.627,-120.223,120
149.627,-120.209,120
151.627,-120.196,120
153.627,-120.182,120
155.626,-120.169,120
157.626,-120.155,120
159.626,-120.142,120
161.626,-120.128,120
163.626,-120.115,120
165.626,-120.101,120
167.626,-120.088,120
168.405,-120.095,120,0
166.406,-120.149,120
164.406,-120.203,120
162.407,-120.257,120
160.408,-120.311,120
158.409,-120.365,120
156.409,-120.419,120
154.41,-120.473,120
152.411,-120.527,120
150.411,-120.581,120
148.412,-120.635,120
146.413,-120.689,120
144.414,-120.743,120
142.414,-120.797,120
140.415,-120.851,120
138.416,-120.905,120
136.417,-120.959,120
134.417,-121.013,120
132.418,-121.068,120
130.419,-121.122,120
128.42,-121.176,120
126.42,-121.23,120
124.421,-121.284,120
122.422,-121.338,120
120.422,-121.392,120
118.423,-121.446,120
116.424,-121.5,120
114.425,-121.554,120
112.425,-121.608,120
110.426,-121.662,120
108.427,-121.716,120
106.428,-121.77,120
104.428,-121.824,120
102.429,-121.878,120
100.43,-121.932,120
98.43,-121.986,120
96.431,-122.04,120
94.432,-122.094,120
92.433,-122.148,120
90.433,-122.202,120
88.434,-122.256,120
86.435,-122.31,120
84.436,-122.364,120
82.436,-122.418,120
80.437,-122.472,120
78.438,-122.526,120
76.438,-122.58,120
74.439,-122.634,120
72.44,-122.689,120
70.441,-122.743,120
68.441,-122.797,120
66.442,-122.851,120
64.443,-122.905,120
62.444,-122.959,120
60.916,-123,120,0
60.916,-123,0,0
#PATH.JERRYIO-DATA {"appVersion":"0.10.0","format":"path.jerryio v0.1","gc":{"robotWidth":30,"robotHeight":30,"robotIsHolonomic":false,"showRobot":true,"uol":1,"pointDensity":2,"controlMagnetDistance":5,"fieldImage":{"displayName":"V5RC 2026 - Push Back","signature":"V5RC-PushBack-H2H-TopDownHighlighted-TileColor66_71","origin":{"__type":"built-in"}},"coordinateSystem":"VEX Gaming Positioning System"},"paths":[{"segments":[{"controls":[{"uid":"mW7LoopCcO","x":139.79928741092633,"y":-19.282660332541546,"lock":false,"visible":true,"heading":0,"__type":"end-point"},{"uid":"ikbaNOE2iQ","x":9.787410926365778,"y":-122.2695961995249,"lock":false,"visible":true,"heading":0,"__type":"end-point"}],"speedProfiles":[],"lookaheadKeyframes":[],"uid":"fPXuPcuHiR"},{"controls":[{"uid":"ikbaNOE2iQ","x":9.787410926365778,"y":-122.2695961995249,"lock":false,"visible":true,"heading":0,"__type":"end-point"},{"uid":"EnBBexdgPF","x":58.72446555819475,"y":-55.072446555819454,"lock":false,"visible":true,"heading":0,"__type":"end-point"}],"speedProfiles":[],"lookaheadKeyframes":[],"uid":"Pn2VeBHVQY"},{"controls":[{"uid":"EnBBexdgPF","x":58.72446555819475,"y":-55.072446555819454,"lock":false,"visible":true,"heading":0,"__type":"end-point"},{"uid":"dkzd8QbwC8","x":24.395486935866963,"y":-25.125890736342022,"lock":false,"visible":true,"heading":0,"__type":"end-point"}],"speedProfiles":[],"lookaheadKeyframes":[],"uid":"Bl2lfA2fvR"},{"controls":[{"uid":"dkzd8QbwC8","x":24.395486935866963,"y":-25.125890736342022,"lock":false,"visible":true,"heading":0,"__type":"end-point"},{"uid":"aAKDTFZlza","x":122.2695961995249,"y":-121.53919239904984,"lock":false,"visible":true,"heading":0,"__type":"end-point"}],"speedProfiles":[],"lookaheadKeyframes":[],"uid":"KUabFJjY6y"},{"controls":[{"uid":"aAKDTFZlza","x":122.2695961995249,"y":-121.53919239904984,"lock":false,"visible":true,"heading":0,"__type":"end-point"},{"uid":"WtjBj5WxU2","x":60.91567695961992,"y":-120.80878859857478,"lock":false,"visible":true,"heading":0,"__type":"end-point"}],"speedProfiles":[],"lookaheadKeyframes":[],"uid":"lbWoCXAhWa"},{"controls":[{"uid":"WtjBj5WxU2","x":60.91567695961992,"y":-120.80878859857478,"lock":false,"visible":true,"heading":0,"__type":"end-point"},{"uid":"l5SQ3Xy00j","x":169.0154394299287,"y":-120.07838479809972,"lock":false,"visible":true,"heading":0,"__type":"end-point"}],"speedProfiles":[],"lookaheadKeyframes":[],"uid":"I0y5rjHxk7"},{"controls":[{"uid":"l5SQ3Xy00j","x":169.0154394299287,"y":-120.07838479809972,"lock":false,"visible":true,"heading":0,"__type":"end-point"},{"uid":"talw2dpMqR","x":60.91567695961992,"y":-122.99999999999996,"lock":false,"visible":true,"heading":0,"__type":"end-point"}],"speedProfiles":[],"lookaheadKeyframes":[],"uid":"pNGRg7oKec"}],"pc":{"speedLimit":{"minLimit":{"value":0,"label":"0"},"maxLimit":{"value":600,"label":"600"},"step":1,"from":40,"to":120},"bentRateApplicableRange":{"minLimit":{"value":0,"label":"0"},"maxLimit":{"value":1,"label":"1"},"step":0.001,"from":0,"to":0.1}},"name":"Path","uid":"g7nLXO2eSz","lock":false,"visible":true}]}